{
 "cells": [
  {
   "cell_type": "code",
   "execution_count": 1,
   "metadata": {},
   "outputs": [],
   "source": [
    "import pandas as pd\n",
    "import numpy as np"
   ]
  },
  {
   "cell_type": "code",
   "execution_count": 2,
   "metadata": {},
   "outputs": [],
   "source": [
    "directory = \"/static/data/\"\n",
    "crime_df = pd.read_csv(\"crime_cleaned_data.csv\")\n",
    "avg_temp_df = pd.read_csv(\"daily_avg_temps.csv\")\n",
    "max_temp_df = pd.read_csv(\"daily_max_temps.csv\")\n",
    "min_temp_df = pd.read_csv(\"daily_min_temps.csv\")\n",
    "avg_humidity_df = pd.read_csv(\"humidity_daily_avg.csv\")\n",
    "max_humidity_df = pd.read_csv(\"humidity_daily_max.csv\")\n",
    "min_humidity_df = pd.read_csv(\"humidity_daily_min.csv\")\n",
    "avg_wind_df = pd.read_csv(\"wind_daily_avg.csv\")\n",
    "max_wind_df = pd.read_csv(\"wind_daily_max.csv\")\n",
    "min_wind_df = pd.read_csv(\"wind_daily_min.csv\")"
   ]
  },
  {
   "cell_type": "code",
   "execution_count": 7,
   "metadata": {},
   "outputs": [
    {
     "data": {
      "text/html": [
       "<div>\n",
       "<style>\n",
       "    .dataframe thead tr:only-child th {\n",
       "        text-align: right;\n",
       "    }\n",
       "\n",
       "    .dataframe thead th {\n",
       "        text-align: left;\n",
       "    }\n",
       "\n",
       "    .dataframe tbody tr th {\n",
       "        vertical-align: top;\n",
       "    }\n",
       "</style>\n",
       "<table border=\"1\" class=\"dataframe\">\n",
       "  <thead>\n",
       "    <tr style=\"text-align: right;\">\n",
       "      <th></th>\n",
       "      <th>datetime</th>\n",
       "      <th>Vancouver</th>\n",
       "      <th>Portland</th>\n",
       "      <th>San Francisco</th>\n",
       "      <th>Seattle</th>\n",
       "      <th>Los Angeles</th>\n",
       "      <th>San Diego</th>\n",
       "      <th>Las Vegas</th>\n",
       "      <th>Phoenix</th>\n",
       "      <th>Albuquerque</th>\n",
       "      <th>...</th>\n",
       "      <th>Miami</th>\n",
       "      <th>Pittsburgh</th>\n",
       "      <th>Toronto</th>\n",
       "      <th>Philadelphia</th>\n",
       "      <th>New York</th>\n",
       "      <th>Montreal</th>\n",
       "      <th>Boston</th>\n",
       "      <th>Year</th>\n",
       "      <th>Month</th>\n",
       "      <th>Day</th>\n",
       "    </tr>\n",
       "  </thead>\n",
       "  <tbody>\n",
       "    <tr>\n",
       "      <th>0</th>\n",
       "      <td>2012-10-01</td>\n",
       "      <td>53.00</td>\n",
       "      <td>48.00</td>\n",
       "      <td>61.00</td>\n",
       "      <td>47.55</td>\n",
       "      <td>66.00</td>\n",
       "      <td>65.00</td>\n",
       "      <td>68.00</td>\n",
       "      <td>74.27</td>\n",
       "      <td>54.27</td>\n",
       "      <td>...</td>\n",
       "      <td>80.00</td>\n",
       "      <td>46.64</td>\n",
       "      <td>56.00</td>\n",
       "      <td>55.27</td>\n",
       "      <td>59.64</td>\n",
       "      <td>55.00</td>\n",
       "      <td>57.64</td>\n",
       "      <td>2012</td>\n",
       "      <td>10</td>\n",
       "      <td>01</td>\n",
       "    </tr>\n",
       "    <tr>\n",
       "      <th>1</th>\n",
       "      <td>2012-10-02</td>\n",
       "      <td>55.62</td>\n",
       "      <td>55.08</td>\n",
       "      <td>67.67</td>\n",
       "      <td>53.38</td>\n",
       "      <td>73.00</td>\n",
       "      <td>71.62</td>\n",
       "      <td>75.29</td>\n",
       "      <td>82.62</td>\n",
       "      <td>61.88</td>\n",
       "      <td>...</td>\n",
       "      <td>80.67</td>\n",
       "      <td>52.88</td>\n",
       "      <td>57.75</td>\n",
       "      <td>60.96</td>\n",
       "      <td>63.96</td>\n",
       "      <td>56.67</td>\n",
       "      <td>60.54</td>\n",
       "      <td>2012</td>\n",
       "      <td>10</td>\n",
       "      <td>02</td>\n",
       "    </tr>\n",
       "    <tr>\n",
       "      <th>2</th>\n",
       "      <td>2012-10-03</td>\n",
       "      <td>54.21</td>\n",
       "      <td>61.67</td>\n",
       "      <td>74.88</td>\n",
       "      <td>58.04</td>\n",
       "      <td>78.67</td>\n",
       "      <td>76.46</td>\n",
       "      <td>81.50</td>\n",
       "      <td>85.54</td>\n",
       "      <td>64.38</td>\n",
       "      <td>...</td>\n",
       "      <td>79.04</td>\n",
       "      <td>63.17</td>\n",
       "      <td>57.62</td>\n",
       "      <td>62.96</td>\n",
       "      <td>62.46</td>\n",
       "      <td>57.54</td>\n",
       "      <td>60.54</td>\n",
       "      <td>2012</td>\n",
       "      <td>10</td>\n",
       "      <td>03</td>\n",
       "    </tr>\n",
       "    <tr>\n",
       "      <th>3</th>\n",
       "      <td>2012-10-04</td>\n",
       "      <td>52.25</td>\n",
       "      <td>55.96</td>\n",
       "      <td>72.46</td>\n",
       "      <td>52.21</td>\n",
       "      <td>73.12</td>\n",
       "      <td>73.25</td>\n",
       "      <td>83.62</td>\n",
       "      <td>84.33</td>\n",
       "      <td>67.88</td>\n",
       "      <td>...</td>\n",
       "      <td>81.08</td>\n",
       "      <td>68.08</td>\n",
       "      <td>59.00</td>\n",
       "      <td>68.79</td>\n",
       "      <td>66.04</td>\n",
       "      <td>56.62</td>\n",
       "      <td>62.33</td>\n",
       "      <td>2012</td>\n",
       "      <td>10</td>\n",
       "      <td>04</td>\n",
       "    </tr>\n",
       "    <tr>\n",
       "      <th>4</th>\n",
       "      <td>2012-10-05</td>\n",
       "      <td>51.08</td>\n",
       "      <td>59.25</td>\n",
       "      <td>63.46</td>\n",
       "      <td>52.83</td>\n",
       "      <td>67.75</td>\n",
       "      <td>69.29</td>\n",
       "      <td>81.54</td>\n",
       "      <td>83.58</td>\n",
       "      <td>67.42</td>\n",
       "      <td>...</td>\n",
       "      <td>83.58</td>\n",
       "      <td>64.96</td>\n",
       "      <td>61.17</td>\n",
       "      <td>69.58</td>\n",
       "      <td>69.62</td>\n",
       "      <td>57.96</td>\n",
       "      <td>61.54</td>\n",
       "      <td>2012</td>\n",
       "      <td>10</td>\n",
       "      <td>05</td>\n",
       "    </tr>\n",
       "  </tbody>\n",
       "</table>\n",
       "<p>5 rows × 34 columns</p>\n",
       "</div>"
      ],
      "text/plain": [
       "     datetime  Vancouver  Portland  San Francisco  Seattle  Los Angeles  \\\n",
       "0  2012-10-01      53.00     48.00          61.00    47.55        66.00   \n",
       "1  2012-10-02      55.62     55.08          67.67    53.38        73.00   \n",
       "2  2012-10-03      54.21     61.67          74.88    58.04        78.67   \n",
       "3  2012-10-04      52.25     55.96          72.46    52.21        73.12   \n",
       "4  2012-10-05      51.08     59.25          63.46    52.83        67.75   \n",
       "\n",
       "   San Diego  Las Vegas  Phoenix  Albuquerque ...   Miami  Pittsburgh  \\\n",
       "0      65.00      68.00    74.27        54.27 ...   80.00       46.64   \n",
       "1      71.62      75.29    82.62        61.88 ...   80.67       52.88   \n",
       "2      76.46      81.50    85.54        64.38 ...   79.04       63.17   \n",
       "3      73.25      83.62    84.33        67.88 ...   81.08       68.08   \n",
       "4      69.29      81.54    83.58        67.42 ...   83.58       64.96   \n",
       "\n",
       "   Toronto  Philadelphia  New York  Montreal  Boston  Year  Month  Day  \n",
       "0    56.00         55.27     59.64     55.00   57.64  2012     10   01  \n",
       "1    57.75         60.96     63.96     56.67   60.54  2012     10   02  \n",
       "2    57.62         62.96     62.46     57.54   60.54  2012     10   03  \n",
       "3    59.00         68.79     66.04     56.62   62.33  2012     10   04  \n",
       "4    61.17         69.58     69.62     57.96   61.54  2012     10   05  \n",
       "\n",
       "[5 rows x 34 columns]"
      ]
     },
     "execution_count": 7,
     "metadata": {},
     "output_type": "execute_result"
    }
   ],
   "source": [
    "avg_temp_df['Year']=[d.split('-')[0] for d in avg_temp_df.datetime]\n",
    "avg_temp_df['Month']=[d.split('-')[1] for d in avg_temp_df.datetime]\n",
    "avg_temp_df['Day']=[d.split('-')[2] for d in avg_temp_df.datetime]\n",
    "avg_temp_df.head()"
   ]
  },
  {
   "cell_type": "code",
   "execution_count": 40,
   "metadata": {},
   "outputs": [],
   "source": [
    "city_df = avg_temp_df[[\"Vancouver\", \"Day\"]][(avg_temp_df[\"Year\"] == \"2015\") & (avg_temp_df[\"Month\"] == \"04\")]\n",
    "city_json = city_df.to_dict(\"list\")"
   ]
  },
  {
   "cell_type": "code",
   "execution_count": 41,
   "metadata": {},
   "outputs": [
    {
     "data": {
      "text/plain": [
       "{'Day': ['01',\n",
       "  '02',\n",
       "  '03',\n",
       "  '04',\n",
       "  '05',\n",
       "  '06',\n",
       "  '07',\n",
       "  '08',\n",
       "  '09',\n",
       "  '10',\n",
       "  '11',\n",
       "  '12',\n",
       "  '13',\n",
       "  '14',\n",
       "  '15',\n",
       "  '16',\n",
       "  '17',\n",
       "  '18',\n",
       "  '19',\n",
       "  '20',\n",
       "  '21',\n",
       "  '22',\n",
       "  '23',\n",
       "  '24',\n",
       "  '25',\n",
       "  '26',\n",
       "  '27',\n",
       "  '28',\n",
       "  '29',\n",
       "  '30'],\n",
       " 'Vancouver': [45.67,\n",
       "  42.92,\n",
       "  43.71,\n",
       "  41.12,\n",
       "  41.33,\n",
       "  44.29,\n",
       "  44.33,\n",
       "  45.58,\n",
       "  46.12,\n",
       "  46.75,\n",
       "  43.5,\n",
       "  41.83,\n",
       "  41.83,\n",
       "  43.29,\n",
       "  42.83,\n",
       "  43.83,\n",
       "  48.33,\n",
       "  50.21,\n",
       "  51.12,\n",
       "  53.04,\n",
       "  52.25,\n",
       "  48.38,\n",
       "  47.25,\n",
       "  44.79,\n",
       "  45.96,\n",
       "  49.04,\n",
       "  49.96,\n",
       "  53.17,\n",
       "  49.83,\n",
       "  49.96]}"
      ]
     },
     "execution_count": 41,
     "metadata": {},
     "output_type": "execute_result"
    }
   ],
   "source": [
    "city_json"
   ]
  },
  {
   "cell_type": "code",
   "execution_count": null,
   "metadata": {},
   "outputs": [],
   "source": []
  },
  {
   "cell_type": "code",
   "execution_count": null,
   "metadata": {},
   "outputs": [],
   "source": []
  },
  {
   "cell_type": "code",
   "execution_count": null,
   "metadata": {},
   "outputs": [],
   "source": []
  },
  {
   "cell_type": "code",
   "execution_count": null,
   "metadata": {},
   "outputs": [],
   "source": []
  },
  {
   "cell_type": "code",
   "execution_count": null,
   "metadata": {},
   "outputs": [],
   "source": []
  },
  {
   "cell_type": "code",
   "execution_count": null,
   "metadata": {},
   "outputs": [],
   "source": []
  },
  {
   "cell_type": "code",
   "execution_count": null,
   "metadata": {},
   "outputs": [],
   "source": []
  },
  {
   "cell_type": "code",
   "execution_count": 26,
   "metadata": {},
   "outputs": [
    {
     "name": "stdout",
     "output_type": "stream",
     "text": [
      "datetime\n",
      "Vancouver\n",
      "Portland\n",
      "San Francisco\n",
      "Seattle\n",
      "Los Angeles\n",
      "San Diego\n",
      "Las Vegas\n",
      "Phoenix\n",
      "Albuquerque\n",
      "Denver\n",
      "San Antonio\n",
      "Dallas\n",
      "Houston\n",
      "Kansas City\n",
      "Minneapolis\n",
      "Saint Louis\n",
      "Chicago\n",
      "Nashville\n",
      "Indianapolis\n",
      "Atlanta\n",
      "Detroit\n",
      "Jacksonville\n",
      "Charlotte\n",
      "Miami\n",
      "Pittsburgh\n",
      "Toronto\n",
      "Philadelphia\n",
      "New York\n",
      "Montreal\n",
      "Boston\n"
     ]
    }
   ],
   "source": [
    "dfs = []\n",
    "for key in avg_temp_df.keys():\n",
    "    print(key)\n",
    "    max_df = pd.DataFrame()\n",
    "    avg_df = pd.DataFrame()\n",
    "    min_df = pd.DataFrame()\n",
    "    max_df[\"city\"] = [key for keys in avg_temp_df]\n",
    "    min_df[\"city\"] = [key for keys in avg_temp_df]\n",
    "    avg_df[\"city\"] = [key for keys in avg_temp_df]\n",
    "    avg_df[\"avg_temp\"] = avg_temp_df[key]\n",
    "    max_df[\"max_temp\"] = max_temp_df[key]\n",
    "    min_df[\"min_temp\"] = min_temp_df[key]\n",
    "    avg_df[\"avg_humidity\"] = avg_humidity_df[key]\n",
    "    max_df[\"max_humidity\"] = max_humidity_df[key]\n",
    "    min_df[\"min_humidity\"] = min_humidity_df[key]\n",
    "    avg_df[\"avg_wind\"] = avg_wind_df[key]\n",
    "    max_df[\"max_wind\"] = max_wind_df[key]\n",
    "    min_df[\"min_wind\"] = min_wind_df[key]\n",
    "    dfs.append(avg_df)\n",
    "    dfs.append(min_df)\n",
    "    dfs.append(max_df)"
   ]
  },
  {
   "cell_type": "code",
   "execution_count": 32,
   "metadata": {},
   "outputs": [
    {
     "data": {
      "text/html": [
       "<div>\n",
       "<style>\n",
       "    .dataframe thead tr:only-child th {\n",
       "        text-align: right;\n",
       "    }\n",
       "\n",
       "    .dataframe thead th {\n",
       "        text-align: left;\n",
       "    }\n",
       "\n",
       "    .dataframe tbody tr th {\n",
       "        vertical-align: top;\n",
       "    }\n",
       "</style>\n",
       "<table border=\"1\" class=\"dataframe\">\n",
       "  <thead>\n",
       "    <tr style=\"text-align: right;\">\n",
       "      <th></th>\n",
       "      <th>city</th>\n",
       "      <th>max_temp</th>\n",
       "      <th>max_humidity</th>\n",
       "      <th>max_wind</th>\n",
       "    </tr>\n",
       "  </thead>\n",
       "  <tbody>\n",
       "    <tr>\n",
       "      <th>0</th>\n",
       "      <td>datetime</td>\n",
       "      <td>2012-10-01</td>\n",
       "      <td>2014-01-01</td>\n",
       "      <td>2014-01-01</td>\n",
       "    </tr>\n",
       "    <tr>\n",
       "      <th>1</th>\n",
       "      <td>datetime</td>\n",
       "      <td>2012-10-02</td>\n",
       "      <td>2014-01-02</td>\n",
       "      <td>2014-01-02</td>\n",
       "    </tr>\n",
       "    <tr>\n",
       "      <th>2</th>\n",
       "      <td>datetime</td>\n",
       "      <td>2012-10-03</td>\n",
       "      <td>2014-01-03</td>\n",
       "      <td>2014-01-03</td>\n",
       "    </tr>\n",
       "    <tr>\n",
       "      <th>3</th>\n",
       "      <td>datetime</td>\n",
       "      <td>2012-10-04</td>\n",
       "      <td>2014-01-04</td>\n",
       "      <td>2014-01-04</td>\n",
       "    </tr>\n",
       "    <tr>\n",
       "      <th>4</th>\n",
       "      <td>datetime</td>\n",
       "      <td>2012-10-05</td>\n",
       "      <td>2014-01-05</td>\n",
       "      <td>2014-01-05</td>\n",
       "    </tr>\n",
       "    <tr>\n",
       "      <th>5</th>\n",
       "      <td>datetime</td>\n",
       "      <td>2012-10-06</td>\n",
       "      <td>2014-01-06</td>\n",
       "      <td>2014-01-06</td>\n",
       "    </tr>\n",
       "    <tr>\n",
       "      <th>6</th>\n",
       "      <td>datetime</td>\n",
       "      <td>2012-10-07</td>\n",
       "      <td>2014-01-07</td>\n",
       "      <td>2014-01-07</td>\n",
       "    </tr>\n",
       "    <tr>\n",
       "      <th>7</th>\n",
       "      <td>datetime</td>\n",
       "      <td>2012-10-08</td>\n",
       "      <td>2014-01-08</td>\n",
       "      <td>2014-01-08</td>\n",
       "    </tr>\n",
       "    <tr>\n",
       "      <th>8</th>\n",
       "      <td>datetime</td>\n",
       "      <td>2012-10-09</td>\n",
       "      <td>2014-01-09</td>\n",
       "      <td>2014-01-09</td>\n",
       "    </tr>\n",
       "    <tr>\n",
       "      <th>9</th>\n",
       "      <td>datetime</td>\n",
       "      <td>2012-10-10</td>\n",
       "      <td>2014-01-10</td>\n",
       "      <td>2014-01-10</td>\n",
       "    </tr>\n",
       "    <tr>\n",
       "      <th>10</th>\n",
       "      <td>datetime</td>\n",
       "      <td>2012-10-11</td>\n",
       "      <td>2014-01-11</td>\n",
       "      <td>2014-01-11</td>\n",
       "    </tr>\n",
       "    <tr>\n",
       "      <th>11</th>\n",
       "      <td>datetime</td>\n",
       "      <td>2012-10-12</td>\n",
       "      <td>2014-01-12</td>\n",
       "      <td>2014-01-12</td>\n",
       "    </tr>\n",
       "    <tr>\n",
       "      <th>12</th>\n",
       "      <td>datetime</td>\n",
       "      <td>2012-10-13</td>\n",
       "      <td>2014-01-13</td>\n",
       "      <td>2014-01-13</td>\n",
       "    </tr>\n",
       "    <tr>\n",
       "      <th>13</th>\n",
       "      <td>datetime</td>\n",
       "      <td>2012-10-14</td>\n",
       "      <td>2014-01-14</td>\n",
       "      <td>2014-01-14</td>\n",
       "    </tr>\n",
       "    <tr>\n",
       "      <th>14</th>\n",
       "      <td>datetime</td>\n",
       "      <td>2012-10-15</td>\n",
       "      <td>2014-01-15</td>\n",
       "      <td>2014-01-15</td>\n",
       "    </tr>\n",
       "    <tr>\n",
       "      <th>15</th>\n",
       "      <td>datetime</td>\n",
       "      <td>2012-10-16</td>\n",
       "      <td>2014-01-16</td>\n",
       "      <td>2014-01-16</td>\n",
       "    </tr>\n",
       "    <tr>\n",
       "      <th>16</th>\n",
       "      <td>datetime</td>\n",
       "      <td>2012-10-17</td>\n",
       "      <td>2014-01-17</td>\n",
       "      <td>2014-01-17</td>\n",
       "    </tr>\n",
       "    <tr>\n",
       "      <th>17</th>\n",
       "      <td>datetime</td>\n",
       "      <td>2012-10-18</td>\n",
       "      <td>2014-01-18</td>\n",
       "      <td>2014-01-18</td>\n",
       "    </tr>\n",
       "    <tr>\n",
       "      <th>18</th>\n",
       "      <td>datetime</td>\n",
       "      <td>2012-10-19</td>\n",
       "      <td>2014-01-19</td>\n",
       "      <td>2014-01-19</td>\n",
       "    </tr>\n",
       "    <tr>\n",
       "      <th>19</th>\n",
       "      <td>datetime</td>\n",
       "      <td>2012-10-20</td>\n",
       "      <td>2014-01-20</td>\n",
       "      <td>2014-01-20</td>\n",
       "    </tr>\n",
       "    <tr>\n",
       "      <th>20</th>\n",
       "      <td>datetime</td>\n",
       "      <td>2012-10-21</td>\n",
       "      <td>2014-01-21</td>\n",
       "      <td>2014-01-21</td>\n",
       "    </tr>\n",
       "    <tr>\n",
       "      <th>21</th>\n",
       "      <td>datetime</td>\n",
       "      <td>2012-10-22</td>\n",
       "      <td>2014-01-22</td>\n",
       "      <td>2014-01-22</td>\n",
       "    </tr>\n",
       "    <tr>\n",
       "      <th>22</th>\n",
       "      <td>datetime</td>\n",
       "      <td>2012-10-23</td>\n",
       "      <td>2014-01-23</td>\n",
       "      <td>2014-01-23</td>\n",
       "    </tr>\n",
       "    <tr>\n",
       "      <th>23</th>\n",
       "      <td>datetime</td>\n",
       "      <td>2012-10-24</td>\n",
       "      <td>2014-01-24</td>\n",
       "      <td>2014-01-24</td>\n",
       "    </tr>\n",
       "    <tr>\n",
       "      <th>24</th>\n",
       "      <td>datetime</td>\n",
       "      <td>2012-10-25</td>\n",
       "      <td>2014-01-25</td>\n",
       "      <td>2014-01-25</td>\n",
       "    </tr>\n",
       "    <tr>\n",
       "      <th>25</th>\n",
       "      <td>datetime</td>\n",
       "      <td>2012-10-26</td>\n",
       "      <td>2014-01-26</td>\n",
       "      <td>2014-01-26</td>\n",
       "    </tr>\n",
       "    <tr>\n",
       "      <th>26</th>\n",
       "      <td>datetime</td>\n",
       "      <td>2012-10-27</td>\n",
       "      <td>2014-01-27</td>\n",
       "      <td>2014-01-27</td>\n",
       "    </tr>\n",
       "    <tr>\n",
       "      <th>27</th>\n",
       "      <td>datetime</td>\n",
       "      <td>2012-10-28</td>\n",
       "      <td>2014-01-28</td>\n",
       "      <td>2014-01-28</td>\n",
       "    </tr>\n",
       "    <tr>\n",
       "      <th>28</th>\n",
       "      <td>datetime</td>\n",
       "      <td>2012-10-29</td>\n",
       "      <td>2014-01-29</td>\n",
       "      <td>2014-01-29</td>\n",
       "    </tr>\n",
       "    <tr>\n",
       "      <th>29</th>\n",
       "      <td>datetime</td>\n",
       "      <td>2012-10-30</td>\n",
       "      <td>2014-01-30</td>\n",
       "      <td>2014-01-30</td>\n",
       "    </tr>\n",
       "    <tr>\n",
       "      <th>30</th>\n",
       "      <td>datetime</td>\n",
       "      <td>2012-10-31</td>\n",
       "      <td>2014-01-31</td>\n",
       "      <td>2014-01-31</td>\n",
       "    </tr>\n",
       "  </tbody>\n",
       "</table>\n",
       "</div>"
      ],
      "text/plain": [
       "        city    max_temp max_humidity    max_wind\n",
       "0   datetime  2012-10-01   2014-01-01  2014-01-01\n",
       "1   datetime  2012-10-02   2014-01-02  2014-01-02\n",
       "2   datetime  2012-10-03   2014-01-03  2014-01-03\n",
       "3   datetime  2012-10-04   2014-01-04  2014-01-04\n",
       "4   datetime  2012-10-05   2014-01-05  2014-01-05\n",
       "5   datetime  2012-10-06   2014-01-06  2014-01-06\n",
       "6   datetime  2012-10-07   2014-01-07  2014-01-07\n",
       "7   datetime  2012-10-08   2014-01-08  2014-01-08\n",
       "8   datetime  2012-10-09   2014-01-09  2014-01-09\n",
       "9   datetime  2012-10-10   2014-01-10  2014-01-10\n",
       "10  datetime  2012-10-11   2014-01-11  2014-01-11\n",
       "11  datetime  2012-10-12   2014-01-12  2014-01-12\n",
       "12  datetime  2012-10-13   2014-01-13  2014-01-13\n",
       "13  datetime  2012-10-14   2014-01-14  2014-01-14\n",
       "14  datetime  2012-10-15   2014-01-15  2014-01-15\n",
       "15  datetime  2012-10-16   2014-01-16  2014-01-16\n",
       "16  datetime  2012-10-17   2014-01-17  2014-01-17\n",
       "17  datetime  2012-10-18   2014-01-18  2014-01-18\n",
       "18  datetime  2012-10-19   2014-01-19  2014-01-19\n",
       "19  datetime  2012-10-20   2014-01-20  2014-01-20\n",
       "20  datetime  2012-10-21   2014-01-21  2014-01-21\n",
       "21  datetime  2012-10-22   2014-01-22  2014-01-22\n",
       "22  datetime  2012-10-23   2014-01-23  2014-01-23\n",
       "23  datetime  2012-10-24   2014-01-24  2014-01-24\n",
       "24  datetime  2012-10-25   2014-01-25  2014-01-25\n",
       "25  datetime  2012-10-26   2014-01-26  2014-01-26\n",
       "26  datetime  2012-10-27   2014-01-27  2014-01-27\n",
       "27  datetime  2012-10-28   2014-01-28  2014-01-28\n",
       "28  datetime  2012-10-29   2014-01-29  2014-01-29\n",
       "29  datetime  2012-10-30   2014-01-30  2014-01-30\n",
       "30  datetime  2012-10-31   2014-01-31  2014-01-31"
      ]
     },
     "execution_count": 32,
     "metadata": {},
     "output_type": "execute_result"
    }
   ],
   "source": [
    "dfs.pop(0)\n",
    "dfs.pop(0)\n",
    "dfs.pop(0)"
   ]
  },
  {
   "cell_type": "code",
   "execution_count": 44,
   "metadata": {},
   "outputs": [
    {
     "name": "stdout",
     "output_type": "stream",
     "text": [
      "Vancouver\n",
      "              avg_temp  avg_humidity  avg_wind\n",
      "avg_temp      1.000000     -0.115292  0.073079\n",
      "avg_humidity -0.115292      1.000000  0.249146\n",
      "avg_wind      0.073079      0.249146  1.000000\n",
      "\n",
      "              min_temp  min_humidity  min_wind\n",
      "min_temp      1.000000     -0.164027 -0.015365\n",
      "min_humidity -0.164027      1.000000  0.133004\n",
      "min_wind     -0.015365      0.133004  1.000000\n",
      "\n",
      "              max_temp  max_humidity  max_wind\n",
      "max_temp      1.000000      0.130722  0.116663\n",
      "max_humidity  0.130722      1.000000  0.051900\n",
      "max_wind      0.116663      0.051900  1.000000\n",
      "\n",
      "Portland\n",
      "              avg_temp  avg_humidity  avg_wind\n",
      "avg_temp      1.000000      0.472293 -0.027307\n",
      "avg_humidity  0.472293      1.000000 -0.191448\n",
      "avg_wind     -0.027307     -0.191448  1.000000\n",
      "\n",
      "              min_temp  min_humidity  min_wind\n",
      "min_temp      1.000000      0.264125  0.228920\n",
      "min_humidity  0.264125      1.000000  0.038647\n",
      "min_wind      0.228920      0.038647  1.000000\n",
      "\n",
      "              max_temp  max_humidity  max_wind\n",
      "max_temp      1.000000      0.539622 -0.090913\n",
      "max_humidity  0.539622      1.000000 -0.350881\n",
      "max_wind     -0.090913     -0.350881  1.000000\n",
      "\n",
      "San Francisco\n",
      "              avg_temp  avg_humidity  avg_wind\n",
      "avg_temp      1.000000     -0.152633 -0.134645\n",
      "avg_humidity -0.152633      1.000000  0.786336\n",
      "avg_wind     -0.134645      0.786336  1.000000\n",
      "\n",
      "              min_temp  min_humidity  min_wind\n",
      "min_temp      1.000000     -0.260018 -0.137715\n",
      "min_humidity -0.260018      1.000000  0.092890\n",
      "min_wind     -0.137715      0.092890  1.000000\n",
      "\n",
      "              max_temp  max_humidity  max_wind\n",
      "max_temp      1.000000     -0.355819 -0.044775\n",
      "max_humidity -0.355819      1.000000  0.287971\n",
      "max_wind     -0.044775      0.287971  1.000000\n",
      "\n",
      "Seattle\n",
      "              avg_temp  avg_humidity  avg_wind\n",
      "avg_temp      1.000000      0.133913   0.30414\n",
      "avg_humidity  0.133913      1.000000   0.15296\n",
      "avg_wind      0.304140      0.152960   1.00000\n",
      "\n",
      "              min_temp  min_humidity  min_wind\n",
      "min_temp      1.000000     -0.013384  0.011596\n",
      "min_humidity -0.013384      1.000000  0.079743\n",
      "min_wind      0.011596      0.079743  1.000000\n",
      "\n",
      "              max_temp  max_humidity  max_wind\n",
      "max_temp      1.000000     -0.115877  0.307809\n",
      "max_humidity -0.115877      1.000000 -0.172699\n",
      "max_wind      0.307809     -0.172699  1.000000\n",
      "\n",
      "Los Angeles\n",
      "              avg_temp  avg_humidity  avg_wind\n",
      "avg_temp      1.000000     -0.265799 -0.005991\n",
      "avg_humidity -0.265799      1.000000 -0.634417\n",
      "avg_wind     -0.005991     -0.634417  1.000000\n",
      "\n",
      "              min_temp  min_humidity  min_wind\n",
      "min_temp      1.000000     -0.304438 -0.054237\n",
      "min_humidity -0.304438      1.000000 -0.074150\n",
      "min_wind     -0.054237     -0.074150  1.000000\n",
      "\n",
      "              max_temp  max_humidity  max_wind\n",
      "max_temp      1.000000     -0.430323  0.442413\n",
      "max_humidity -0.430323      1.000000 -0.360215\n",
      "max_wind      0.442413     -0.360215  1.000000\n",
      "\n",
      "San Diego\n",
      "              avg_temp  avg_humidity  avg_wind\n",
      "avg_temp      1.000000      0.021280  0.055702\n",
      "avg_humidity  0.021280      1.000000  0.476168\n",
      "avg_wind      0.055702      0.476168  1.000000\n",
      "\n",
      "              min_temp  min_humidity  min_wind\n",
      "min_temp      1.000000      0.043353  0.074762\n",
      "min_humidity  0.043353      1.000000 -0.401605\n",
      "min_wind      0.074762     -0.401605  1.000000\n",
      "\n",
      "              max_temp  max_humidity  max_wind\n",
      "max_temp      1.000000      0.025540  0.096214\n",
      "max_humidity  0.025540      1.000000  0.091774\n",
      "max_wind      0.096214      0.091774  1.000000\n",
      "\n",
      "Las Vegas\n",
      "              avg_temp  avg_humidity  avg_wind\n",
      "avg_temp      1.000000      0.523643 -0.411802\n",
      "avg_humidity  0.523643      1.000000 -0.065664\n",
      "avg_wind     -0.411802     -0.065664  1.000000\n",
      "\n",
      "              min_temp  min_humidity  min_wind\n",
      "min_temp      1.000000      0.298857  0.355570\n",
      "min_humidity  0.298857      1.000000  0.290016\n",
      "min_wind      0.355570      0.290016  1.000000\n",
      "\n",
      "              max_temp  max_humidity  max_wind\n",
      "max_temp      1.000000      0.455098 -0.368148\n",
      "max_humidity  0.455098      1.000000 -0.114800\n",
      "max_wind     -0.368148     -0.114800  1.000000\n",
      "\n",
      "Phoenix\n",
      "              avg_temp  avg_humidity  avg_wind\n",
      "avg_temp      1.000000     -0.063087  0.119332\n",
      "avg_humidity -0.063087      1.000000 -0.246709\n",
      "avg_wind      0.119332     -0.246709  1.000000\n",
      "\n",
      "              min_temp  min_humidity  min_wind\n",
      "min_temp      1.000000      0.049428  0.229196\n",
      "min_humidity  0.049428      1.000000 -0.084324\n",
      "min_wind      0.229196     -0.084324  1.000000\n",
      "\n",
      "              max_temp  max_humidity  max_wind\n",
      "max_temp      1.000000      0.170290 -0.276007\n",
      "max_humidity  0.170290      1.000000 -0.245137\n",
      "max_wind     -0.276007     -0.245137  1.000000\n",
      "\n",
      "Albuquerque\n",
      "              avg_temp  avg_humidity  avg_wind\n",
      "avg_temp      1.000000      0.175136 -0.165289\n",
      "avg_humidity  0.175136      1.000000 -0.308441\n",
      "avg_wind     -0.165289     -0.308441  1.000000\n",
      "\n",
      "              min_temp  min_humidity  min_wind\n",
      "min_temp      1.000000     -0.243352  0.215447\n",
      "min_humidity -0.243352      1.000000 -0.016178\n",
      "min_wind      0.215447     -0.016178  1.000000\n",
      "\n",
      "              max_temp  max_humidity  max_wind\n",
      "max_temp      1.000000      0.156258 -0.203284\n",
      "max_humidity  0.156258      1.000000 -0.255541\n",
      "max_wind     -0.203284     -0.255541  1.000000\n",
      "\n",
      "Denver\n",
      "              avg_temp  avg_humidity  avg_wind\n",
      "avg_temp      1.000000     -0.188252 -0.241584\n",
      "avg_humidity -0.188252      1.000000 -0.299846\n",
      "avg_wind     -0.241584     -0.299846  1.000000\n",
      "\n",
      "              min_temp  min_humidity  min_wind\n",
      "min_temp      1.000000     -0.386888  0.036208\n",
      "min_humidity -0.386888      1.000000 -0.071393\n",
      "min_wind      0.036208     -0.071393  1.000000\n",
      "\n",
      "              max_temp  max_humidity  max_wind\n",
      "max_temp      1.000000     -0.443832 -0.138463\n",
      "max_humidity -0.443832      1.000000 -0.206798\n",
      "max_wind     -0.138463     -0.206798  1.000000\n",
      "\n",
      "San Antonio\n",
      "              avg_temp  avg_humidity  avg_wind\n",
      "avg_temp      1.000000     -0.004890 -0.317322\n",
      "avg_humidity -0.004890      1.000000 -0.217488\n",
      "avg_wind     -0.317322     -0.217488  1.000000\n",
      "\n",
      "              min_temp  min_humidity  min_wind\n",
      "min_temp      1.000000     -0.265852 -0.122775\n",
      "min_humidity -0.265852      1.000000 -0.260807\n",
      "min_wind     -0.122775     -0.260807  1.000000\n",
      "\n",
      "              max_temp  max_humidity  max_wind\n",
      "max_temp      1.000000      0.104798 -0.085808\n",
      "max_humidity  0.104798      1.000000 -0.190754\n",
      "max_wind     -0.085808     -0.190754  1.000000\n",
      "\n",
      "Dallas\n",
      "              avg_temp  avg_humidity  avg_wind\n",
      "avg_temp      1.000000      0.114461 -0.304692\n",
      "avg_humidity  0.114461      1.000000 -0.499654\n",
      "avg_wind     -0.304692     -0.499654  1.000000\n",
      "\n",
      "              min_temp  min_humidity  min_wind\n",
      "min_temp      1.000000     -0.126698 -0.237907\n",
      "min_humidity -0.126698      1.000000 -0.113563\n",
      "min_wind     -0.237907     -0.113563  1.000000\n",
      "\n",
      "              max_temp  max_humidity  max_wind\n",
      "max_temp      1.000000     -0.075528 -0.313935\n",
      "max_humidity -0.075528      1.000000 -0.120186\n",
      "max_wind     -0.313935     -0.120186  1.000000\n",
      "\n",
      "Houston\n",
      "              avg_temp  avg_humidity  avg_wind\n",
      "avg_temp      1.000000      0.035623 -0.543215\n",
      "avg_humidity  0.035623      1.000000 -0.306948\n",
      "avg_wind     -0.543215     -0.306948  1.000000\n",
      "\n",
      "              min_temp  min_humidity  min_wind\n",
      "min_temp       1.00000     -0.337680 -0.375620\n",
      "min_humidity  -0.33768      1.000000 -0.088481\n",
      "min_wind      -0.37562     -0.088481  1.000000\n",
      "\n",
      "              max_temp  max_humidity  max_wind\n",
      "max_temp      1.000000      0.179514 -0.214897\n",
      "max_humidity  0.179514      1.000000 -0.049475\n",
      "max_wind     -0.214897     -0.049475  1.000000\n",
      "\n",
      "Kansas City\n",
      "              avg_temp  avg_humidity  avg_wind\n",
      "avg_temp      1.000000      0.232552 -0.271903\n",
      "avg_humidity  0.232552      1.000000 -0.589088\n",
      "avg_wind     -0.271903     -0.589088  1.000000\n",
      "\n",
      "              min_temp  min_humidity  min_wind\n",
      "min_temp      1.000000     -0.084503 -0.156878\n",
      "min_humidity -0.084503      1.000000 -0.107058\n",
      "min_wind     -0.156878     -0.107058  1.000000\n",
      "\n",
      "              max_temp  max_humidity  max_wind\n",
      "max_temp      1.000000      0.162060 -0.078562\n",
      "max_humidity  0.162060      1.000000 -0.275237\n",
      "max_wind     -0.078562     -0.275237  1.000000\n",
      "\n",
      "Minneapolis\n",
      "              avg_temp  avg_humidity  avg_wind\n",
      "avg_temp      1.000000     -0.107854 -0.222422\n",
      "avg_humidity -0.107854      1.000000 -0.274255\n",
      "avg_wind     -0.222422     -0.274255  1.000000\n",
      "\n",
      "              min_temp  min_humidity  min_wind\n",
      "min_temp      1.000000     -0.069657 -0.093706\n",
      "min_humidity -0.069657      1.000000 -0.314200\n",
      "min_wind     -0.093706     -0.314200  1.000000\n",
      "\n",
      "              max_temp  max_humidity  max_wind\n",
      "max_temp      1.000000      0.014404 -0.045128\n",
      "max_humidity  0.014404      1.000000  0.049354\n",
      "max_wind     -0.045128      0.049354  1.000000\n",
      "\n",
      "Saint Louis\n",
      "              avg_temp  avg_humidity  avg_wind\n",
      "avg_temp      1.000000     -0.080132  0.027496\n",
      "avg_humidity -0.080132      1.000000 -0.349851\n",
      "avg_wind      0.027496     -0.349851  1.000000\n",
      "\n",
      "              min_temp  min_humidity  min_wind\n",
      "min_temp      1.000000      0.025299  0.199959\n",
      "min_humidity  0.025299      1.000000  0.137159\n",
      "min_wind      0.199959      0.137159  1.000000\n",
      "\n",
      "              max_temp  max_humidity  max_wind\n",
      "max_temp      1.000000     -0.061009  0.274883\n",
      "max_humidity -0.061009      1.000000  0.067921\n",
      "max_wind      0.274883      0.067921  1.000000\n",
      "\n",
      "Chicago\n",
      "              avg_temp  avg_humidity  avg_wind\n",
      "avg_temp      1.000000      0.425433  0.044787\n",
      "avg_humidity  0.425433      1.000000 -0.744674\n",
      "avg_wind      0.044787     -0.744674  1.000000\n",
      "\n",
      "              min_temp  min_humidity  min_wind\n",
      "min_temp      1.000000      0.258557  0.026101\n",
      "min_humidity  0.258557      1.000000 -0.271840\n",
      "min_wind      0.026101     -0.271840  1.000000\n",
      "\n",
      "              max_temp  max_humidity  max_wind\n",
      "max_temp      1.000000      0.478411  0.157978\n",
      "max_humidity  0.478411      1.000000 -0.323538\n",
      "max_wind      0.157978     -0.323538  1.000000\n",
      "\n",
      "Nashville\n",
      "              avg_temp  avg_humidity  avg_wind\n",
      "avg_temp      1.000000     -0.102474 -0.026580\n",
      "avg_humidity -0.102474      1.000000 -0.293067\n",
      "avg_wind     -0.026580     -0.293067  1.000000\n",
      "\n",
      "              min_temp  min_humidity  min_wind\n",
      "min_temp      1.000000      0.266309 -0.103169\n",
      "min_humidity  0.266309      1.000000 -0.048559\n",
      "min_wind     -0.103169     -0.048559  1.000000\n",
      "\n",
      "              max_temp  max_humidity  max_wind\n",
      "max_temp      1.000000     -0.107292  0.217183\n",
      "max_humidity -0.107292      1.000000 -0.171805\n",
      "max_wind      0.217183     -0.171805  1.000000\n",
      "\n",
      "Indianapolis\n",
      "              avg_temp  avg_humidity  avg_wind\n",
      "avg_temp      1.000000      0.133177 -0.035483\n",
      "avg_humidity  0.133177      1.000000 -0.178818\n",
      "avg_wind     -0.035483     -0.178818  1.000000\n",
      "\n",
      "              min_temp  min_humidity  min_wind\n",
      "min_temp      1.000000      0.012260  0.062355\n",
      "min_humidity  0.012260      1.000000 -0.313367\n",
      "min_wind      0.062355     -0.313367  1.000000\n",
      "\n",
      "              max_temp  max_humidity  max_wind\n",
      "max_temp      1.000000      0.126391  0.349316\n",
      "max_humidity  0.126391      1.000000 -0.275677\n",
      "max_wind      0.349316     -0.275677  1.000000\n",
      "\n",
      "Atlanta\n",
      "              avg_temp  avg_humidity  avg_wind\n",
      "avg_temp      1.000000      0.078135  0.069772\n",
      "avg_humidity  0.078135      1.000000 -0.268569\n",
      "avg_wind      0.069772     -0.268569  1.000000\n",
      "\n",
      "              min_temp  min_humidity  min_wind\n",
      "min_temp      1.000000      0.370435 -0.081718\n",
      "min_humidity  0.370435      1.000000 -0.164517\n",
      "min_wind     -0.081718     -0.164517  1.000000\n",
      "\n",
      "              max_temp  max_humidity  max_wind\n",
      "max_temp      1.000000     -0.284409  0.106595\n",
      "max_humidity -0.284409      1.000000  0.300544\n",
      "max_wind      0.106595      0.300544  1.000000\n",
      "\n",
      "Detroit\n",
      "              avg_temp  avg_humidity  avg_wind\n",
      "avg_temp      1.000000      0.200614  0.218867\n",
      "avg_humidity  0.200614      1.000000 -0.513579\n",
      "avg_wind      0.218867     -0.513579  1.000000\n",
      "\n",
      "              min_temp  min_humidity  min_wind\n",
      "min_temp      1.000000     -0.097920 -0.042289\n",
      "min_humidity -0.097920      1.000000 -0.038527\n",
      "min_wind     -0.042289     -0.038527  1.000000\n",
      "\n",
      "              max_temp  max_humidity  max_wind\n",
      "max_temp      1.000000      0.338809  0.103926\n",
      "max_humidity  0.338809      1.000000 -0.067950\n",
      "max_wind      0.103926     -0.067950  1.000000\n",
      "\n",
      "Jacksonville\n",
      "              avg_temp  avg_humidity  avg_wind\n",
      "avg_temp      1.000000      0.004198 -0.344854\n",
      "avg_humidity  0.004198      1.000000  0.079760\n",
      "avg_wind     -0.344854      0.079760  1.000000\n",
      "\n",
      "              min_temp  min_humidity  min_wind\n",
      "min_temp      1.000000      0.015810 -0.232301\n",
      "min_humidity  0.015810      1.000000  0.169148\n",
      "min_wind     -0.232301      0.169148  1.000000\n",
      "\n",
      "              max_temp  max_humidity  max_wind\n",
      "max_temp      1.000000      0.190484 -0.268774\n",
      "max_humidity  0.190484      1.000000 -0.329888\n",
      "max_wind     -0.268774     -0.329888  1.000000\n",
      "\n",
      "Charlotte\n",
      "              avg_temp  avg_humidity  avg_wind\n",
      "avg_temp      1.000000     -0.066018  0.383873\n",
      "avg_humidity -0.066018      1.000000 -0.449388\n",
      "avg_wind      0.383873     -0.449388  1.000000\n",
      "\n",
      "              min_temp  min_humidity  min_wind\n",
